:Product: 202609_ace_swepam_1h.txt
:Issued: 2026 Sep 30 0910 UT
# Prepared by the U.S. Dept. of Commerce, NOAA, Space Weather Prediction Center
# Please send comments and suggestions to SWPC.Webmaster@noaa.gov 
# 
# Units: Proton density p/cc
# Units: Bulk speed km/s
# Units: Ion tempeture degrees K
# Status(S): 0 = nominal data, 1 to 8 = bad data record, 9 = no data
# Missing data values: Density and Speed = -9999.9, Temp. = -1.00e+05
# Source: ACE Satellite - Solar Wind Electron Proton Alpha Monitor
#
#   Hourly Averaged Real-time Bulk Parameters of the Solar Wind Plasma
# 
#                Modified Seconds   -------------  Solar Wind  -----------
# UT Date   Time  Julian  of the          Proton      Bulk         Ion
# YR MO DA  HHMM    Day     Day     S    Density     Speed     Temperature
#-------------------------------------------------------------------------
2026 09 01  0000   61284       0    6        3.2      408.5     8.62e+04
2026 09 01  0100   61284    3600    3    -9999.9    -9999.9    -1.00e+05
2026 09 01  0200   61284    7200    1        3.0      416.2     9.19e+04
2026 09 01  0300   61284   10800    0        3.1    -9999.9    -1.00e+05
2026 09 01  0400   61284   14400    0        2.1      409.9     9.37e+04
2026 09 01  0500   61284   18000    0        0.0      388.2     5.60e+04
2026 09 01  0600   61284   21600    1        2.2      401.4     9.48e+04
2026 09 01  0700   61284   25200    0        1.2      403.2     7.75e+04
2026 09 01  0800   61284   28800    1        1.5      398.6     8.66e+04
2026 09 01  0900   61284   32400    9    -9999.9    -9999.9    -1.00e+05
2026 09 01  1000   61284   36000    0        2.2      416.2     6.16e+04
2026 09 01  1100   61284   39600    0        3.1      405.2     7.13e+04
2026 09 01  1200   61284   43200    0        3.3      421.3     4.26e+04
2026 09 01  1300   61284   46800    0        0.0      410.6     4.96e+04
2026 09 01  1400   61284   50400    9    -9999.9    -9999.9    -1.00e+05
2026 09 01  1500   61284   54000    9    -9999.9    -9999.9    -1.00e+05
2026 09 01  1600   61284   57600    0        1.1      416.7     1.08e+05
2026 09 01  1700   61284   61200    1        3.0      391.1     7.05e+04
2026 09 01  1800   61284   64800    0        2.9      400.4     2.47e+04
2026 09 01  1900   61284   68400    0        3.0      387.0     3.09e+04
2026 09 01  2000   61284   72000    0        0.8      384.8     4.42e+04
2026 09 01  2100   61284   75600    0        2.8      385.1     5.10e+04
2026 09 01  2200   61284   79200    0        3.1      399.4     3.86e+04
2026 09 01  2300   61284   82800    0        2.1      394.7     9.22e+04
2026 09 02  0000   61285       0    3    -9999.9    -9999.9    -1.00e+05
2026 09 02  0100   61285    3600    0        3.9      387.9     1.09e+05
2026 09 02  0200   61285    7200    0        2.5      392.8     8.37e+04
2026 09 02  0300   61285   10800    0        2.3    -9999.9    -1.00e+05
2026 09 02  0400   61285   14400    0        1.2      399.1     1.01e+05
2026 09 02  0500   61285   18000    0        3.1      394.0     7.24e+04
2026 09 02  0600   61285   21600    0        2.4      397.4     1.07e+05
2026 09 02  0700   61285   25200    0        3.4      396.9     5.12e+04
2026 09 02  0800   61285   28800    0        1.9      386.8     8.30e+04
2026 09 02  0900   61285   32400    9    -9999.9    -9999.9    -1.00e+05
2026 09 02  1000   61285   36000    0        3.6      402.6     3.89e+04
2026 09 02  1100   61285   39600    0        3.5      384.9     5.73e+04
2026 09 02  1200   61285   43200    0        3.3      409.0     6.40e+04
2026 09 02  1300   61285   46800    0        3.0      358.0     4.59e+04
2026 09 02  1400   61285   50400    0        1.8      350.1     9.35e+04
2026 09 02  1500   61285   54000    9    -9999.9    -9999.9    -1.00e+05
2026 09 02  1600   61285   57600    0        5.1      382.1     3.52e+04
2026 09 02  1700   61285   61200    0        3.9      377.7     7.27e+04
2026 09 02  1800   61285   64800    0        2.1      359.5     4.49e+04
2026 09 02  1900   61285   68400    0        1.7      351.5     1.10e+05
2026 09 02  2000   61285   72000    0        1.3      379.8     3.44e+04
2026 09 02  2100   61285   75600    9    -9999.9    -9999.9    -1.00e+05
2026 09 02  2200   61285   79200    0        2.6      382.9     7.91e+04
2026 09 02  2300   61285   82800    0        1.6      386.1     6.75e+04
2026 09 03  0000   61286       0    0        3.6      398.8     1.08e+05
2026 09 03  0100   61286    3600    9    -9999.9    -9999.9    -1.00e+05
2026 09 03  0200   61286    7200    0        2.6      404.6     8.92e+04
2026 09 03  0300   61286   10800    0        1.7    -9999.9    -1.00e+05
2026 09 03  0400   61286   14400    1        3.3      402.1     8.52e+04
2026 09 03  0500   61286   18000    0        1.0      424.5     8.29e+04
2026 09 03  0600   61286   21600    0        1.3      411.1     1.05e+05
2026 09 03  0700   61286   25200    0        4.0      398.4     7.74e+04
2026 09 03  0800   61286   28800    0        2.3      395.3     1.04e+05
2026 09 03  0900   61286   32400    9    -9999.9    -9999.9    -1.00e+05
2026 09 03  1000   61286   36000    0        1.7      395.2     1.11e+05
2026 09 03  1100   61286   39600    0        3.2      410.8     1.18e+05
2026 09 03  1200   61286   43200    0        2.1      393.9     1.33e+05
2026 09 03  1300   61286   46800    0        2.4      412.7     1.07e+05
2026 09 03  1400   61286   50400    0        2.2      406.0     1.65e+05
2026 09 03  1500   61286   54000    0        3.2      394.8     8.21e+04
2026 09 03  1600   61286   57600    0        3.5      410.6     8.12e+04
2026 09 03  1700   61286   61200    0        3.9      410.6     8.52e+04
2026 09 03  1800   61286   64800    0        3.0      385.2     6.67e+04
2026 09 03  1900   61286   68400    0        2.9      388.3     8.32e+04
2026 09 03  2000   61286   72000    0        2.8      400.7     9.37e+04
2026 09 03  2100   61286   75600    9    -9999.9    -9999.9    -1.00e+05
2026 09 03  2200   61286   79200    9    -9999.9    -9999.9    -1.00e+05
2026 09 03  2300   61286   82800    9    -9999.9    -9999.9    -1.00e+05
2026 09 04  0000   61287       0    0        3.5      392.9     6.26e+04
2026 09 04  0100   61287    3600    0        3.2      389.5     5.81e+04
2026 09 04  0200   61287    7200    0        1.9      398.1     7.17e+04
2026 09 04  0300   61287   10800    0        1.7    -9999.9    -1.00e+05
2026 09 04  0400   61287   14400    1        2.1      387.2     8.78e+04
2026 09 04  0500   61287   18000    0        1.8      406.0     1.18e+05
2026 09 04  0600   61287   21600    1        1.6      406.1     1.23e+05
2026 09 04  0700   61287   25200    0        1.9      385.6     9.37e+04
2026 09 04  0800   61287   28800    1        1.2      385.0     8.94e+04
2026 09 04  0900   61287   32400    1        1.5      379.4     9.46e+04
2026 09 04  1000   61287   36000    0        2.2      375.3     8.83e+04
2026 09 04  1100   61287   39600    0        2.4      380.4     7.17e+04
2026 09 04  1200   61287   43200    0        3.5      378.5     5.00e+04
2026 09 04  1300   61287   46800    0        3.0      383.1     5.87e+04
2026 09 04  1400   61287   50400    0        2.3      365.1     5.89e+04
2026 09 04  1500   61287   54000    9    -9999.9    -9999.9    -1.00e+05
2026 09 04  1600   61287   57600    0        2.6      362.3     7.86e+04
2026 09 04  1700   61287   61200    0        3.5      356.5     7.65e+04
2026 09 04  1800   61287   64800    0        3.1      356.4     5.14e+04
2026 09 04  1900   61287   68400    1        1.1      366.1     9.06e+04
2026 09 04  2000   61287   72000    0        3.4      355.3     4.90e+04
2026 09 04  2100   61287   75600    9    -9999.9    -9999.9    -1.00e+05
2026 09 04  2200   61287   79200    0        2.5      344.2     8.93e+04
2026 09 04  2300   61287   82800    0        2.5      354.2     1.16e+05
2026 09 05  0000   61288       0    0        2.5      355.1     7.39e+04
2026 09 05  0100   61288    3600    0        2.8      351.1     4.96e+04
2026 09 05  0200   61288    7200    0        3.2      350.3     5.40e+04
2026 09 05  0300   61288   10800    0        4.7    -9999.9    -1.00e+05
2026 09 05  0400   61288   14400    0        5.5      372.2     2.70e+04
2026 09 05  0500   61288   18000    0        3.6      356.5     6.09e+04
2026 09 05  0600   61288   21600    0        3.1      348.0     8.63e+04
2026 09 05  0700   61288   25200    1        2.5      345.1     8.82e+04
2026 09 05  0800   61288   28800    0        2.3      355.0     3.31e+04
2026 09 05  0900   61288   32400    0        4.3      358.2     3.92e+04
2026 09 05  1000   61288   36000    0        3.9      349.8     6.65e+04
2026 09 05  1100   61288   39600    0        3.0      350.5     6.98e+04
2026 09 05  1200   61288   43200    0        4.0      351.9     5.39e+04
2026 09 05  1300   61288   46800    9    -9999.9    -9999.9    -1.00e+05
2026 09 05  1400   61288   50400    9    -9999.9    -9999.9    -1.00e+05
2026 09 05  1500   61288   54000    9    -9999.9    -9999.9    -1.00e+05
2026 09 05  1600   61288   57600    0        3.4      371.6     5.38e+04
2026 09 05  1700   61288   61200    0        3.7      353.0     7.10e+04
2026 09 05  1800   61288   64800    9    -9999.9    -9999.9    -1.00e+05
2026 09 05  1900   61288   68400    0        3.3      352.9     6.01e+04
2026 09 05  2000   61288   72000    0        3.3      358.3     3.69e+04
2026 09 05  2100   61288   75600    9    -9999.9    -9999.9    -1.00e+05
2026 09 05  2200   61288   79200    0        3.5      358.8     5.70e+04
2026 09 05  2300   61288   82800    0        2.5      362.6     6.19e+04
2026 09 06  0000   61289       0    0        2.9      352.2     3.69e+04
2026 09 06  0100   61289    3600    0        3.3      356.2     3.45e+04
2026 09 06  0200   61289    7200    0        3.6      353.5     4.16e+04
2026 09 06  0300   61289   10800    0        2.8    -9999.9    -1.00e+05
2026 09 06  0400   61289   14400    1        2.8      351.4     7.95e+04
2026 09 06  0500   61289   18000    0        3.1      365.6     4.43e+04
2026 09 06  0600   61289   21600    0        3.0      359.6     5.36e+04
2026 09 06  0700   61289   25200    0        1.3      381.6     9.41e+04
2026 09 06  0800   61289   28800    0        2.3      377.3     7.81e+04
2026 09 06  0900   61289   32400    0        3.7      376.1     6.21e+04
2026 09 06  1000   61289   36000    0        4.2      382.7     6.90e+04
2026 09 06  1100   61289   39600    1        3.9      380.2     6.45e+04
2026 09 06  1200   61289   43200    0        3.0      379.1     8.27e+04
2026 09 06  1300   61289   46800    9    -9999.9    -9999.9    -1.00e+05
2026 09 06  1400   61289   50400    9    -9999.9    -9999.9    -1.00e+05
2026 09 06  1500   61289   54000    9    -9999.9    -9999.9    -1.00e+05
2026 09 06  1600   61289   57600    0        2.8      364.0     5.89e+04
2026 09 06  1700   61289   61200    0        3.7      357.2     5.99e+04
2026 09 06  1800   61289   64800    0        2.7      360.0     4.93e+04
2026 09 06  1900   61289   68400    0        4.6      357.8     5.02e+04
2026 09 06  2000   61289   72000    9    -9999.9    -9999.9    -1.00e+05
2026 09 06  2100   61289   75600    9    -9999.9    -9999.9    -1.00e+05
2026 09 06  2200   61289   79200    0        7.1      369.8     4.32e+04
2026 09 06  2300   61289   82800    0        4.9      363.9     7.26e+04
2026 09 07  0000   61290       0    0        4.7      362.5     4.01e+04
2026 09 07  0100   61290    3600    0        5.1      359.4     3.91e+04
2026 09 07  0200   61290    7200    6        4.9      360.4     4.70e+04
2026 09 07  0300   61290   10800    0        7.1    -9999.9    -1.00e+05
2026 09 07  0400   61290   14400    0        5.9      362.2     4.00e+04
2026 09 07  0500   61290   18000    0        9.8      358.0     3.36e+04
2026 09 07  0600   61290   21600    0        7.8      380.1     6.36e+04
2026 09 07  0700   61290   25200    0       11.4      383.2     8.87e+04
2026 09 07  0800   61290   28800    0       10.0      382.8     5.39e+04
2026 09 07  0900   61290   32400    0       30.7      391.7     5.15e+04
2026 09 07  1000   61290   36000    0       17.8      398.6     9.85e+04
2026 09 07  1100   61290   39600    0        3.4      437.8     1.96e+05
2026 09 07  1200   61290   43200    1        1.1      450.1     1.90e+05
2026 09 07  1300   61290   46800    0        3.3      504.2     2.36e+05
2026 09 07  1400   61290   50400    9    -9999.9    -9999.9    -1.00e+05
2026 09 07  1500   61290   54000    9    -9999.9    -9999.9    -1.00e+05
2026 09 07  1600   61290   57600    0        3.5      526.8     1.85e+05
2026 09 07  1700   61290   61200    0        7.9      505.9     2.61e+05
2026 09 07  1800   61290   64800    0        6.2      500.4     2.41e+05
2026 09 07  1900   61290   68400    0        2.7      505.4     2.79e+05
2026 09 07  2000   61290   72000    0        2.8      465.4     1.93e+05
2026 09 07  2100   61290   75600    0        1.9      500.1     5.14e+05
2026 09 07  2200   61290   79200    0        1.3      512.6     4.44e+05
2026 09 07  2300   61290   82800    0        1.5      471.5     1.99e+05
2026 09 08  0000   61291       0    1        2.0      517.4     1.66e+05
2026 09 08  0100   61291    3600    1        1.5      552.8     3.01e+05
2026 09 08  0200   61291    7200    0        1.9      577.5     2.74e+05
2026 09 08  0300   61291   10800    9    -9999.9    -9999.9    -1.00e+05
2026 09 08  0400   61291   14400    0        2.2      574.9     4.16e+05
2026 09 08  0500   61291   18000    0        2.5      601.9     2.41e+05
2026 09 08  0600   61291   21600    0        2.5      612.1     2.23e+05
2026 09 08  0700   61291   25200    0        2.1      591.7     1.49e+05
2026 09 08  0800   61291   28800    0        1.9      579.1     1.45e+05
2026 09 08  0900   61291   32400    0        4.0      603.6     1.46e+05
2026 09 08  1000   61291   36000    0        2.9      573.3     1.10e+05
2026 09 08  1100   61291   39600    0        4.5      575.6     9.82e+04
2026 09 08  1200   61291   43200    0        2.7      524.3     1.33e+05
2026 09 08  1300   61291   46800    0        3.8      519.0     8.91e+04
2026 09 08  1400   61291   50400    0        3.1      511.9     1.30e+05
2026 09 08  1500   61291   54000    9    -9999.9    -9999.9    -1.00e+05
2026 09 08  1600   61291   57600    0        1.9      503.4     9.10e+04
2026 09 08  1700   61291   61200    0        3.3      483.0     7.52e+04
2026 09 08  1800   61291   64800    0        3.1      479.4     9.51e+04
2026 09 08  1900   61291   68400    0        2.5      464.9     8.93e+04
2026 09 08  2000   61291   72000    0        3.6      436.4     1.28e+05
2026 09 08  2100   61291   75600    0        3.8      447.4     1.31e+05
2026 09 08  2200   61291   79200    0        4.7      434.2     1.11e+05
2026 09 08  2300   61291   82800    0        3.1      427.5     1.13e+05
2026 09 09  0000   61292       0    0        3.9      416.1     1.16e+05
2026 09 09  0100   61292    3600    0        4.3      416.9     1.03e+05
2026 09 09  0200   61292    7200    6        4.8      413.0     1.07e+05
2026 09 09  0300   61292   10800    0        4.6    -9999.9    -1.00e+05
2026 09 09  0400   61292   14400    0        3.9      441.6     1.84e+05
2026 09 09  0500   61292   18000    1        7.0      418.1     1.52e+05
2026 09 09  0600   61292   21600    1        4.9      418.1     1.92e+05
2026 09 09  0700   61292   25200    0        4.1      439.5     1.01e+05
2026 09 09  0800   61292   28800    0        4.5      434.1     1.29e+05
2026 09 09  0900   61292   32400    0        3.5      432.5     1.74e+05
2026 09 09  1000   61292   36000    0        3.6      424.5     1.27e+05
2026 09 09  1100   61292   39600    3    -9999.9    -9999.9    -1.00e+05
2026 09 09  1200   61292   43200    0        7.1      431.6     1.07e+05
2026 09 09  1300   61292   46800    9    -9999.9    -9999.9    -1.00e+05
2026 09 09  1400   61292   50400    0        3.0      447.7     9.80e+04
2026 09 09  1500   61292   54000    9    -9999.9    -9999.9    -1.00e+05
2026 09 09  1600   61292   57600    0        1.0      435.5     8.62e+04
2026 09 09  1700   61292   61200    0        0.8      431.0     7.27e+04
2026 09 09  1800   61292   64800    0        0.8      417.7     9.36e+04
2026 09 09  1900   61292   68400    0        0.1      444.0     1.71e+05
2026 09 09  2000   61292   72000    0        1.5      457.1     8.61e+04
2026 09 09  2100   61292   75600    0        1.9      463.6     9.60e+04
2026 09 09  2200   61292   79200    0        1.6      465.2     1.16e+05
2026 09 09  2300   61292   82800    0        1.1      462.5     7.40e+04
2026 09 10  0000   61293       0    0        0.7      462.0     5.15e+04
2026 09 10  0100   61293    3600    0        0.9      453.2     6.24e+04
2026 09 10  0200   61293    7200    0        0.9      453.6     7.00e+04
2026 09 10  0300   61293   10800    0        0.6    -9999.9    -1.00e+05
2026 09 10  0400   61293   14400    0        0.6      456.6     8.85e+04
2026 09 10  0500   61293   18000    0        0.7      459.4     7.29e+04
2026 09 10  0600   61293   21600    0        0.8      467.0     7.06e+04
2026 09 10  0700   61293   25200    0        0.2      441.7     9.89e+04
2026 09 10  0800   61293   28800    0        0.1      465.0     1.38e+05
2026 09 10  0900   61293   32400    0        0.1      460.2     7.40e+04
2026 09 10  1000   61293   36000    0        0.2      463.2     9.10e+04
2026 09 10  1100   61293   39600    0        0.1      475.2     4.63e+04
2026 09 10  1200   61293   43200    0        0.1      477.5     9.26e+04
2026 09 10  1300   61293   46800    0        0.1      446.1     8.87e+04
2026 09 10  1400   61293   50400    0        0.2      449.1     1.47e+05
2026 09 10  1500   61293   54000    9    -9999.9    -9999.9    -1.00e+05
2026 09 10  1600   61293   57600    0        0.1      453.8     6.52e+04
2026 09 10  1700   61293   61200    0        0.0      467.4     3.14e+05
2026 09 10  1800   61293   64800    0        0.0      487.4     2.30e+05
2026 09 10  1900   61293   68400    0        0.0      457.4     2.08e+05
2026 09 10  2000   61293   72000    9    -9999.9    -9999.9    -1.00e+05
2026 09 10  2100   61293   75600    9    -9999.9    -9999.9    -1.00e+05
2026 09 10  2200   61293   79200    0        1.3      451.8     6.74e+04
2026 09 10  2300   61293   82800    0        0.9      437.9     5.80e+04
2026 09 11  0000   61294       0    0        1.3      452.2     5.95e+04
2026 09 11  0100   61294    3600    0        0.6      455.8     7.84e+04
2026 09 11  0200   61294    7200    0        0.5      451.3     9.28e+04
2026 09 11  0300   61294   10800    0        0.1    -9999.9    -1.00e+05
2026 09 11  0400   61294   14400    9    -9999.9    -9999.9    -1.00e+05
2026 09 11  0500   61294   18000    0        0.8      445.2     7.41e+04
2026 09 11  0600   61294   21600    0        0.6      451.9     6.95e+04
2026 09 11  0700   61294   25200    0        0.2      455.2     6.43e+04
2026 09 11  0800   61294   28800    0        0.2      430.3     1.01e+05
2026 09 11  0900   61294   32400    1        0.2      417.5     6.85e+04
2026 09 11  1000   61294   36000    0        0.2      439.3     8.63e+04
2026 09 11  1100   61294   39600    0        0.2      432.2     8.61e+04
2026 09 11  1200   61294   43200    0        1.4      422.8     7.76e+04
2026 09 11  1300   61294   46800    0        0.2      415.4     8.65e+04
2026 09 11  1400   61294   50400    0        0.6      410.3     7.96e+04
2026 09 11  1500   61294   54000    9    -9999.9    -9999.9    -1.00e+05
2026 09 11  1600   61294   57600    0        0.7      421.9     6.77e+04
2026 09 11  1700   61294   61200    3    -9999.9    -9999.9    -1.00e+05
2026 09 11  1800   61294   64800    0        0.2      411.2     9.53e+04
2026 09 11  1900   61294   68400    0        0.1      410.4     7.79e+04
2026 09 11  2000   61294   72000    0        0.2      423.8     9.96e+04
2026 09 11  2100   61294   75600    9    -9999.9    -9999.9    -1.00e+05
2026 09 11  2200   61294   79200    0        0.9      420.8     8.16e+04
2026 09 11  2300   61294   82800    0        1.3      428.0     1.12e+05
2026 09 12  0000   61295       0    9    -9999.9    -9999.9    -1.00e+05
2026 09 12  0100   61295    3600    0        1.5      431.5     1.28e+05
2026 09 12  0200   61295    7200    0        0.2      431.6     1.37e+05
2026 09 12  0300   61295   10800    0        0.1    -9999.9    -1.00e+05
2026 09 12  0400   61295   14400    9    -9999.9    -9999.9    -1.00e+05
2026 09 12  0500   61295   18000    1        1.0      424.4     1.02e+05
2026 09 12  0600   61295   21600    0        0.3      435.0     1.02e+05
2026 09 12  0700   61295   25200    0        0.8      428.5     8.19e+04
2026 09 12  0800   61295   28800    0        0.7      437.5     1.64e+05
2026 09 12  0900   61295   32400    0        3.2      420.9     9.52e+04
2026 09 12  1000   61295   36000    0        0.5      415.7     1.05e+05
2026 09 12  1100   61295   39600    0        0.2      416.4     1.50e+05
2026 09 12  1200   61295   43200    0        2.2      415.9     9.58e+04
2026 09 12  1300   61295   46800    1        0.7      387.4     8.80e+04
2026 09 12  1400   61295   50400    0        0.5      398.0     1.55e+05
2026 09 12  1500   61295   54000    9    -9999.9    -9999.9    -1.00e+05
2026 09 12  1600   61295   57600    0        0.5      413.5     7.16e+04
2026 09 12  1700   61295   61200    0        1.0      445.0     9.12e+04
2026 09 12  1800   61295   64800    0        0.7      421.2     1.30e+05
2026 09 12  1900   61295   68400    1        0.5      362.9     8.45e+04
2026 09 12  2000   61295   72000    0        0.6      399.5     1.73e+05
2026 09 12  2100   61295   75600    0        1.6      416.2     9.81e+04
2026 09 12  2200   61295   79200    0        0.5      395.6     8.05e+04
2026 09 12  2300   61295   82800    0        0.2      396.9     9.01e+04
2026 09 13  0000   61296       0    0        0.4      391.1     8.31e+04
2026 09 13  0100   61296    3600    0        0.2      379.7     9.04e+04
2026 09 13  0200   61296    7200    0        0.2      395.3     8.63e+04
2026 09 13  0300   61296   10800    0        0.3    -9999.9    -1.00e+05
2026 09 13  0400   61296   14400    0        0.5      370.3     7.75e+04
2026 09 13  0500   61296   18000    0        0.7      428.5     2.49e+05
2026 09 13  0600   61296   21600    0        0.5      427.2     2.62e+05
2026 09 13  0700   61296   25200    1        0.4      422.2     2.65e+05
2026 09 13  0800   61296   28800    0        0.3      410.6     2.67e+05
2026 09 13  0900   61296   32400    1        0.2      415.5     2.40e+05
2026 09 13  1000   61296   36000    0        0.3      396.6     1.02e+05
2026 09 13  1100   61296   39600    0        0.3      396.0     7.35e+04
2026 09 13  1200   61296   43200    1        0.2      427.8     1.47e+05
2026 09 13  1300   61296   46800    1        0.2      429.1     1.00e+05
2026 09 13  1400   61296   50400    1        0.0      461.5     1.05e+05
2026 09 13  1500   61296   54000    9    -9999.9    -9999.9    -1.00e+05
2026 09 13  1600   61296   57600    0        0.6      450.8     6.02e+04
2026 09 13  1700   61296   61200    0        0.3      476.6     8.77e+04
2026 09 13  1800   61296   64800    1        0.3      465.7     9.80e+04
2026 09 13  1900   61296   68400    0        0.1      436.9     1.17e+05
2026 09 13  2000   61296   72000    0        0.3      441.8     1.46e+05
2026 09 13  2100   61296   75600    0        0.3      444.4     8.44e+04
2026 09 13  2200   61296   79200    1        0.4      440.3     5.88e+04
2026 09 13  2300   61296   82800    0        0.1      389.5     7.86e+04
2026 09 14  0000   61297       0    1        0.1      375.5     8.33e+04
2026 09 14  0100   61297    3600    0        0.0      388.0     1.05e+05
2026 09 14  0200   61297    7200    0        0.3      376.9     7.21e+04
2026 09 14  0300   61297   10800    0        0.2      340.5     2.92e+04
2026 09 14  0400   61297   14400    0        1.1      349.0     5.65e+04
2026 09 14  0500   61297   18000    0        1.3      347.4     7.85e+04
2026 09 14  0600   61297   21600    0        1.8      327.8     4.60e+04
2026 09 14  0700   61297   25200    0        1.3      326.3     3.24e+04
2026 09 14  0800   61297   28800    0        1.3      317.1     2.38e+04
2026 09 14  0900   61297   32400    9    -9999.9    -9999.9    -1.00e+05
2026 09 14  1000   61297   36000    0        1.6      336.1     7.08e+04
2026 09 14  1100   61297   39600    9    -9999.9    -9999.9    -1.00e+05
2026 09 14  1200   61297   43200    0        1.5      352.1     7.44e+04
2026 09 14  1300   61297   46800    0        2.2      374.8     7.21e+04
2026 09 14  1400   61297   50400    9    -9999.9    -9999.9    -1.00e+05
2026 09 14  1500   61297   54000    9    -9999.9    -9999.9    -1.00e+05
2026 09 14  1600   61297   57600    9    -9999.9    -9999.9    -1.00e+05
2026 09 14  1700   61297   61200    0        0.7      385.2     4.05e+04
2026 09 14  1800   61297   64800    0        1.9      380.7     3.51e+04
2026 09 14  1900   61297   68400    0        1.7      372.8     4.04e+04
2026 09 14  2000   61297   72000    3    -9999.9    -9999.9    -1.00e+05
2026 09 14  2100   61297   75600    0        3.1      379.4     6.67e+04
2026 09 14  2200   61297   79200    0        2.6      386.6     8.06e+04
2026 09 14  2300   61297   82800    0        1.3      383.5     7.72e+04
2026 09 15  0000   61298       0    0        0.7      383.6     6.95e+04
2026 09 15  0100   61298    3600    0        0.5      405.4     1.39e+05
2026 09 15  0200   61298    7200    0        1.1      402.4     1.06e+05
2026 09 15  0300   61298   10800    0        0.2      389.5     8.79e+04
2026 09 15  0400   61298   14400    0        0.2      392.0     7.89e+04
2026 09 15  0500   61298   18000    1        0.1      384.9     5.17e+04
2026 09 15  0600   61298   21600    9    -9999.9    -9999.9    -1.00e+05
2026 09 15  0700   61298   25200    0        0.1      394.3     1.08e+05
2026 09 15  0800   61298   28800    9    -9999.9    -9999.9    -1.00e+05
2026 09 15  0900   61298   32400    9    -9999.9    -9999.9    -1.00e+05
2026 09 15  1000   61298   36000    1        0.2      505.5     3.38e+05
2026 09 15  1100   61298   39600    0        0.0      522.6     4.31e+05
2026 09 15  1200   61298   43200    0        0.0      629.4     6.33e+05
2026 09 15  1300   61298   46800    1        0.1      412.1     1.95e+05
2026 09 15  1400   61298   50400    0        0.1      415.4     2.55e+05
2026 09 15  1500   61298   54000    9    -9999.9    -9999.9    -1.00e+05
2026 09 15  1600   61298   57600    1        0.0      429.2     1.65e+05
2026 09 15  1700   61298   61200    0        0.2      451.4     1.46e+05
2026 09 15  1800   61298   64800    0        0.4      743.4     6.29e+05
2026 09 15  1900   61298   68400    1        0.0      468.9     2.24e+05
2026 09 15  2000   61298   72000    1        0.5      528.7     2.78e+05
2026 09 15  2100   61298   75600    0        0.9      451.1     2.46e+05
2026 09 15  2200   61298   79200    1        1.3      455.7     2.50e+05
2026 09 15  2300   61298   82800    0        1.1      514.1     2.70e+05
2026 09 16  0000   61299       0    1        3.6      550.0     3.55e+05
2026 09 16  0100   61299    3600    0        2.0      543.1     3.91e+05
2026 09 16  0200   61299    7200    1        1.5      533.1     3.09e+05
2026 09 16  0300   61299   10800    0        2.5      547.8     2.16e+05
2026 09 16  0400   61299   14400    1        1.6      541.6     2.45e+05
2026 09 16  0500   61299   18000    0        0.6      530.4     2.31e+05
2026 09 16  0600   61299   21600    0        0.4      535.9     2.87e+05
2026 09 16  0700   61299   25200    3    -9999.9    -9999.9    -1.00e+05
2026 09 16  0800   61299   28800    3    -9999.9    -9999.9    -1.00e+05
2026 09 16  0900   61299   32400    9    -9999.9    -9999.9    -1.00e+05
2026 09 16  1000   61299   36000    0        0.3      546.5     1.99e+05
2026 09 16  1100   61299   39600    1        0.1      526.3     2.00e+05
2026 09 16  1200   61299   43200    0        0.0      588.1     2.20e+05
2026 09 16  1300   61299   46800    0        0.0      580.4     2.76e+05
2026 09 16  1400   61299   50400    1        0.1      537.1     2.02e+05
2026 09 16  1500   61299   54000    9    -9999.9    -9999.9    -1.00e+05
2026 09 16  1600   61299   57600    1        0.1      517.7     1.21e+05
2026 09 16  1700   61299   61200    1        0.1      540.1     9.61e+04
2026 09 16  1800   61299   64800    1        0.1      494.7     1.65e+05
2026 09 16  1900   61299   68400    0        0.2      490.4     9.88e+04
2026 09 16  2000   61299   72000    0        0.1      533.2     1.47e+05
2026 09 16  2100   61299   75600    0        0.4      502.1     9.93e+04
2026 09 16  2200   61299   79200    0        0.3      505.0     9.31e+04
2026 09 16  2300   61299   82800    0        0.0      506.4     1.18e+05
2026 09 17  0000   61300       0    0        0.8      505.3     8.37e+04
2026 09 17  0100   61300    3600    0        1.2      525.3     1.11e+05
2026 09 17  0200   61300    7200    0        1.1      550.8     9.43e+04
2026 09 17  0300   61300   10800    0        0.8      518.0     1.01e+05
2026 09 17  0400   61300   14400    0        0.7      526.7     1.25e+05
2026 09 17  0500   61300   18000    0        1.4      508.4     1.30e+05
2026 09 17  0600   61300   21600    0        0.7      498.3     9.22e+04
2026 09 17  0700   61300   25200    0        0.1      498.6     1.48e+05
2026 09 17  0800   61300   28800    9    -9999.9    -9999.9    -1.00e+05
2026 09 17  0900   61300   32400    9    -9999.9    -9999.9    -1.00e+05
2026 09 17  1000   61300   36000    0        0.7      497.0     1.01e+05
2026 09 17  1100   61300   39600    1        0.1      480.8     1.67e+05
2026 09 17  1200   61300   43200    0        0.1      507.6     1.37e+05
2026 09 17  1300   61300   46800    0        0.0      501.3     1.94e+05
2026 09 17  1400   61300   50400    0        0.9      465.1     5.29e+04
2026 09 17  1500   61300   54000    9    -9999.9    -9999.9    -1.00e+05
2026 09 17  1600   61300   57600    1        8.2      460.8     5.02e+04
2026 09 17  1700   61300   61200    0        0.4      476.4     6.74e+04
2026 09 17  1800   61300   64800    0        0.1      513.2     8.20e+04
2026 09 17  1900   61300   68400    0        0.9      498.9     7.95e+04
2026 09 17  2000   61300   72000    0        0.7      467.7     5.10e+04
2026 09 17  2100   61300   75600    0        0.4      491.5     7.06e+04
2026 09 17  2200   61300   79200    0        0.8      489.2     6.38e+04
2026 09 17  2300   61300   82800    0        0.1      458.6     1.01e+05
2026 09 18  0000   61301       0    0        0.1      459.8     1.19e+05
2026 09 18  0100   61301    3600    1        0.4      449.1     6.02e+04
2026 09 18  0200   61301    7200    1        1.1      462.3     1.05e+05
2026 09 18  0300   61301   10800    0        2.0      468.7     4.70e+04
2026 09 18  0400   61301   14400    0        0.6      450.4     6.10e+04
2026 09 18  0500   61301   18000    0        0.8      432.4     4.28e+04
2026 09 18  0600   61301   21600    0        0.7      432.4     4.14e+04
2026 09 18  0700   61301   25200    1        0.3      423.8     4.23e+04
2026 09 18  0800   61301   28800    0        0.7      432.4     6.39e+04
2026 09 18  0900   61301   32400    9    -9999.9    -9999.9    -1.00e+05
2026 09 18  1000   61301   36000    0        1.7      435.4     2.94e+04
2026 09 18  1100   61301   39600    1        0.0      401.8     4.80e+04
2026 09 18  1200   61301   43200    0        1.2      441.0     5.54e+04
2026 09 18  1300   61301   46800    0        0.3      444.0     5.86e+04
2026 09 18  1400   61301   50400    0        0.3      432.1     8.09e+04
2026 09 18  1500   61301   54000    9    -9999.9    -9999.9    -1.00e+05
2026 09 18  1600   61301   57600    0        0.2      425.9     6.47e+04
2026 09 18  1700   61301   61200    0        1.3      427.8     4.21e+04
2026 09 18  1800   61301   64800    0        2.1      436.4     4.89e+04
2026 09 18  1900   61301   68400    0        1.7      424.8     6.38e+04
2026 09 18  2000   61301   72000    0        0.6      413.2     6.30e+04
2026 09 18  2100   61301   75600    0        1.0      434.9     5.67e+04
2026 09 18  2200   61301   79200    0        1.0      428.5     5.66e+04
2026 09 18  2300   61301   82800    0        0.6      434.3     8.89e+04
2026 09 19  0000   61302       0    0        0.4      445.3     7.54e+04
2026 09 19  0100   61302    3600    0        0.5      439.9     8.80e+04
2026 09 19  0200   61302    7200    0        2.5      442.0     7.45e+04
2026 09 19  0300   61302   10800    0        2.1      444.5     6.48e+04
2026 09 19  0400   61302   14400    0        1.0      442.5     9.46e+04
2026 09 19  0500   61302   18000    0        0.4      454.4     6.59e+04
2026 09 19  0600   61302   21600    0        1.1      448.0     1.21e+05
2026 09 19  0700   61302   25200    0        0.1      436.2     1.25e+05
2026 09 19  0800   61302   28800    0        0.2      463.6     1.73e+05
2026 09 19  0900   61302   32400    0        1.1      449.1     7.89e+04
2026 09 19  1000   61302   36000    0        0.5      446.1     1.23e+05
2026 09 19  1100   61302   39600    0        1.2      446.4     9.32e+04
2026 09 19  1200   61302   43200    0        0.2      455.7     1.54e+05
2026 09 19  1300   61302   46800    0        0.5      441.5     5.74e+04
2026 09 19  1400   61302   50400    0        1.8      440.7     6.75e+04
2026 09 19  1500   61302   54000    9    -9999.9    -9999.9    -1.00e+05
2026 09 19  1600   61302   57600    0        0.5      421.2     6.27e+04
2026 09 19  1700   61302   61200    0        1.0      416.6     5.49e+04
2026 09 19  1800   61302   64800    0        0.8      432.8     5.31e+04
2026 09 19  1900   61302   68400    0        0.1      434.7     1.95e+05
2026 09 19  2000   61302   72000    1        0.6      415.1     4.15e+04
2026 09 19  2100   61302   75600    0        0.7      411.3     4.78e+04
2026 09 19  2200   61302   79200    0        0.9      413.9     4.89e+04
2026 09 19  2300   61302   82800    0        0.7      407.0     5.38e+04
2026 09 20  0000   61303       0    0        0.7      413.5     8.92e+04
2026 09 20  0100   61303    3600    0        0.5      431.0     5.45e+04
2026 09 20  0200   61303    7200    0        0.6      426.7     4.20e+04
2026 09 20  0300   61303   10800    0        2.2      427.2     4.93e+04
2026 09 20  0400   61303   14400    0        1.7      415.7     4.52e+04
2026 09 20  0500   61303   18000    0        1.6      421.6     4.57e+04
2026 09 20  0600   61303   21600    0        0.7      404.6     5.42e+04
2026 09 20  0700   61303   25200    0        1.5      409.0     3.23e+04
2026 09 20  0800   61303   28800    0        1.7      391.5     3.22e+04
2026 09 20  0900   61303   32400    9    -9999.9    -9999.9    -1.00e+05
2026 09 20  1000   61303   36000    0        0.3      433.2     6.82e+04
2026 09 20  1100   61303   39600    0        1.2      410.6     4.66e+04
2026 09 20  1200   61303   43200    0        1.2      412.3     1.05e+05
2026 09 20  1300   61303   46800    0        0.5      426.1     9.28e+04
2026 09 20  1400   61303   50400    0        0.6      428.8     9.59e+04
2026 09 20  1500   61303   54000    9    -9999.9    -9999.9    -1.00e+05
2026 09 20  1600   61303   57600    0        0.7      422.0     1.03e+05
2026 09 20  1700   61303   61200    0        0.4      405.0     8.11e+04
2026 09 20  1800   61303   64800    9    -9999.9    -9999.9    -1.00e+05
2026 09 20  1900   61303   68400    0        1.1      382.4     4.79e+04
2026 09 20  2000   61303   72000    0        0.7      368.2     4.78e+04
2026 09 20  2100   61303   75600    9    -9999.9    -9999.9    -1.00e+05
2026 09 20  2200   61303   79200    0        0.8      368.7     8.26e+04
2026 09 20  2300   61303   82800    0        0.4      356.2     7.95e+04
2026 09 21  0000   61304       0    0        1.5      376.2     2.93e+04
2026 09 21  0100   61304    3600    0        1.2      368.4     3.36e+04
2026 09 21  0200   61304    7200    0        1.0      362.1     2.55e+04
2026 09 21  0300   61304   10800    0        0.8      359.2     3.05e+04
2026 09 21  0400   61304   14400    0        0.7      359.1     2.62e+04
2026 09 21  0500   61304   18000    0        0.6      339.5     3.29e+04
2026 09 21  0600   61304   21600    0        0.9      353.4     3.20e+04
2026 09 21  0700   61304   25200    9    -9999.9    -9999.9    -1.00e+05
2026 09 21  0800   61304   28800    0        1.4      345.0     3.17e+04
2026 09 21  0900   61304   32400    0        0.5      334.8     4.68e+04
2026 09 21  1000   61304   36000    0        0.5      330.6     3.98e+04
2026 09 21  1100   61304   39600    1        0.1      304.4     4.29e+04
2026 09 21  1200   61304   43200    1        0.0      388.0     3.92e+04
2026 09 21  1300   61304   46800    0        0.1      334.8    -1.00e+05
2026 09 21  1400   61304   50400    1        0.1      352.7     5.36e+04
2026 09 21  1500   61304   54000    9    -9999.9    -9999.9    -1.00e+05
2026 09 21  1600   61304   57600    9    -9999.9    -9999.9    -1.00e+05
2026 09 21  1700   61304   61200    9    -9999.9    -9999.9    -1.00e+05
2026 09 21  1800   61304   64800    9    -9999.9    -9999.9    -1.00e+05
2026 09 21  1900   61304   68400    1        0.1      326.7     2.03e+04
2026 09 21  2000   61304   72000    1        0.1      331.3     3.95e+04
2026 09 21  2100   61304   75600    1        0.1      345.6     2.70e+04
2026 09 21  2200   61304   79200    0        0.1      347.1     3.19e+04
2026 09 21  2300   61304   82800    1        0.3      341.0     1.30e+04
2026 09 22  0000   61305       0    1        0.1      339.6     4.94e+04
2026 09 22  0100   61305    3600    1        0.1      340.7     3.85e+04
2026 09 22  0200   61305    7200    1        0.1      331.6     4.87e+04
2026 09 22  0300   61305   10800    1        0.0      358.5     7.01e+04
2026 09 22  0400   61305   14400    6    -9999.9    -9999.9    -1.00e+05
2026 09 22  0500   61305   18000    0        0.1      311.3     2.15e+04
2026 09 22  0600   61305   21600    6    -9999.9    -9999.9    -1.00e+05
2026 09 22  0700   61305   25200    9    -9999.9    -9999.9    -1.00e+05
2026 09 22  0800   61305   28800    6    -9999.9    -9999.9    -1.00e+05
2026 09 22  0900   61305   32400    9    -9999.9    -9999.9    -1.00e+05
2026 09 22  1000   61305   36000    6    -9999.9    -9999.9    -1.00e+05
2026 09 22  1100   61305   39600    3    -9999.9    -9999.9    -1.00e+05
2026 09 22  1200   61305   43200    6    -9999.9    -9999.9    -1.00e+05
2026 09 22  1300   61305   46800    6    -9999.9    -9999.9    -1.00e+05
2026 09 22  1400   61305   50400    1        0.1      340.2     3.10e+04
2026 09 22  1500   61305   54000    9    -9999.9    -9999.9    -1.00e+05
2026 09 22  1600   61305   57600    6    -9999.9    -9999.9    -1.00e+05
2026 09 22  1700   61305   61200    1        0.0      403.0     5.38e+04
2026 09 22  1800   61305   64800    9    -9999.9    -9999.9    -1.00e+05
2026 09 22  1900   61305   68400    9    -9999.9    -9999.9    -1.00e+05
2026 09 22  2000   61305   72000    6    -9999.9    -9999.9    -1.00e+05
2026 09 22  2100   61305   75600    1        0.0      395.6    -1.00e+05
2026 09 22  2200   61305   79200    0        0.3      334.9     6.52e+04
2026 09 22  2300   61305   82800    6    -9999.9    -9999.9    -1.00e+05
2026 09 23  0000   61306       0    6    -9999.9    -9999.9    -1.00e+05
2026 09 23  0100   61306    3600    6    -9999.9    -9999.9    -1.00e+05
2026 09 23  0200   61306    7200    1        0.0      389.7     2.76e+04
2026 09 23  0300   61306   10800    0        0.5      283.1    -1.00e+05
2026 09 23  0400   61306   14400    0        1.1      289.2     2.31e+04
2026 09 23  0500   61306   18000    6        1.0      288.1     1.47e+04
2026 09 23  0600   61306   21600    0        1.6      298.3     2.82e+04
2026 09 23  0700   61306   25200    0        1.3      301.6    -1.00e+05
2026 09 23  0800   61306   28800    9    -9999.9    -9999.9    -1.00e+05
2026 09 23  0900   61306   32400    9    -9999.9    -9999.9    -1.00e+05
2026 09 23  1000   61306   36000    0        3.1      295.1     2.00e+04
2026 09 23  1100   61306   39600    9    -9999.9    -9999.9    -1.00e+05
2026 09 23  1200   61306   43200    0        7.1      289.5     1.55e+04
2026 09 23  1300   61306   46800    0        9.9      290.5     1.44e+04
2026 09 23  1400   61306   50400    0        6.4      294.0     1.48e+04
2026 09 23  1500   61306   54000    9    -9999.9    -9999.9    -1.00e+05
2026 09 23  1600   61306   57600    0       12.6      293.9     1.82e+04
2026 09 23  1700   61306   61200    0        6.1      297.2     1.75e+04
2026 09 23  1800   61306   64800    9    -9999.9    -9999.9    -1.00e+05
2026 09 23  1900   61306   68400    0        2.9      298.0     1.45e+04
2026 09 23  2000   61306   72000    0        0.6      314.3     2.21e+04
2026 09 23  2100   61306   75600    1        1.1      316.7     4.33e+04
2026 09 23  2200   61306   79200    0        1.4      315.9     3.27e+04
2026 09 23  2300   61306   82800    0        4.0      311.0     2.46e+04
2026 09 24  0000   61307       0    1        2.9      313.3     2.95e+04
2026 09 24  0100   61307    3600    0        1.3      315.1     2.67e+04
2026 09 24  0200   61307    7200    0        1.5      324.0     4.28e+04
2026 09 24  0300   61307   10800    0        0.9      332.6     1.01e+05
2026 09 24  0400   61307   14400    1        0.4      332.4     5.58e+04
2026 09 24  0500   61307   18000    1        1.2      346.8     9.21e+04
2026 09 24  0600   61307   21600    0        1.5      341.1     8.50e+04
2026 09 24  0700   61307   25200    1        0.7      327.3     4.09e+04
2026 09 24  0800   61307   28800    9    -9999.9    -9999.9    -1.00e+05
2026 09 24  0900   61307   32400    0        2.9      393.3     1.55e+05
2026 09 24  1000   61307   36000    0        2.2      388.0     1.36e+05
2026 09 24  1100   61307   39600    9    -9999.9    -9999.9    -1.00e+05
2026 09 24  1200   61307   43200    3    -9999.9    -9999.9    -1.00e+05
2026 09 24  1300   61307   46800    9    -9999.9    -9999.9    -1.00e+05
2026 09 24  1400   61307   50400    9    -9999.9    -9999.9    -1.00e+05
2026 09 24  1500   61307   54000    0        1.6      392.2     6.99e+04
2026 09 24  1600   61307   57600    9    -9999.9    -9999.9    -1.00e+05
2026 09 24  1700   61307   61200    3    -9999.9    -9999.9    -1.00e+05
2026 09 24  1800   61307   64800    0        0.0      424.0     1.55e+05
2026 09 24  1900   61307   68400    1        0.3      425.0     7.55e+04
2026 09 24  2000   61307   72000    0        0.6      455.8     1.29e+05
2026 09 24  2100   61307   75600    0        0.2      435.9     1.04e+05
2026 09 24  2200   61307   79200    0        0.8      437.2     8.60e+04
2026 09 24  2300   61307   82800    0        1.2      446.2     8.32e+04
2026 09 25  0000   61308       0    0        1.0      439.6     8.29e+04
2026 09 25  0100   61308    3600    0        0.3      428.8     8.98e+04
2026 09 25  0200   61308    7200    0        1.1      456.8     7.53e+04
2026 09 25  0300   61308   10800    0        1.1      427.9     6.50e+04
2026 09 25  0400   61308   14400    3    -9999.9    -9999.9    -1.00e+05
2026 09 25  0500   61308   18000    0        4.1      451.6     8.03e+04
2026 09 25  0600   61308   21600    3    -9999.9    -9999.9    -1.00e+05
2026 09 25  0700   61308   25200    3    -9999.9    -9999.9    -1.00e+05
2026 09 25  0800   61308   28800    0        1.6      442.8     9.64e+04
2026 09 25  0900   61308   32400    0        3.2      454.1     1.06e+05
2026 09 25  1000   61308   36000    0        2.3      457.2     9.59e+04
2026 09 25  1100   61308   39600    0        3.2      469.3     1.62e+05
2026 09 25  1200   61308   43200    0        0.7      481.8     2.07e+05
2026 09 25  1300   61308   46800    1        0.5      458.2     2.46e+05
2026 09 25  1400   61308   50400    9    -9999.9    -9999.9    -1.00e+05
2026 09 25  1500   61308   54000    3    -9999.9    -9999.9    -1.00e+05
2026 09 25  1600   61308   57600    0        0.2      506.2     1.25e+05
2026 09 25  1700   61308   61200    0        0.1      528.8     2.13e+05
2026 09 25  1800   61308   64800    0        0.1      523.6     1.65e+05
2026 09 25  1900   61308   68400    0        0.4      516.9     1.15e+05
2026 09 25  2000   61308   72000    0        0.4      471.5     5.70e+04
2026 09 25  2100   61308   75600    0        1.2      500.6     8.13e+04
2026 09 25  2200   61308   79200    0        0.9      496.2     7.70e+04
2026 09 25  2300   61308   82800    0        1.1      500.7     7.93e+04
2026 09 26  0000   61309       0    0        0.5      506.7     9.49e+04
2026 09 26  0100   61309    3600    0        0.4      504.0     7.97e+04
2026 09 26  0200   61309    7200    0        0.7      484.1     7.78e+04
2026 09 26  0300   61309   10800    9    -9999.9    -9999.9    -1.00e+05
2026 09 26  0400   61309   14400    0        0.4      477.0     9.13e+04
2026 09 26  0500   61309   18000    0        0.5      477.2     6.76e+04
2026 09 26  0600   61309   21600    0        0.8      474.3     9.42e+04
2026 09 26  0700   61309   25200    0        0.1      458.7     9.51e+04
2026 09 26  0800   61309   28800    1        0.6      461.7     8.01e+04
2026 09 26  0900   61309   32400    9    -9999.9    -9999.9    -1.00e+05
2026 09 26  1000   61309   36000    0        0.1      494.8     1.39e+05
2026 09 26  1100   61309   39600    0        0.1      491.1     8.49e+04
2026 09 26  1200   61309   43200    0        0.1      502.9     1.37e+05
2026 09 26  1300   61309   46800    0        0.6      479.7     1.16e+05
2026 09 26  1400   61309   50400    0        0.2      477.2     1.19e+05
2026 09 26  1500   61309   54000    9    -9999.9    -9999.9    -1.00e+05
2026 09 26  1600   61309   57600    9    -9999.9    -9999.9    -1.00e+05
2026 09 26  1700   61309   61200    0        1.1      467.9     6.47e+04
2026 09 26  1800   61309   64800    0        1.0      468.9     7.66e+04
2026 09 26  1900   61309   68400    0        0.1      468.6     1.16e+05
2026 09 26  2000   61309   72000    1        0.2      473.4     1.65e+05
2026 09 26  2100   61309   75600    0        0.1      473.7     1.31e+05
2026 09 26  2200   61309   79200    0        0.2      459.7     9.75e+04
2026 09 26  2300   61309   82800    1        0.1      462.0     1.30e+05
2026 09 27  0000   61310       0    0        0.1      459.8     8.71e+04
2026 09 27  0100   61310    3600    1        0.1      451.4     7.15e+04
2026 09 27  0200   61310    7200    1        0.0      451.5     7.30e+04
2026 09 27  0300   61310   10800    9    -9999.9    -9999.9    -1.00e+05
2026 09 27  0400   61310   14400    0        0.2      454.3     7.48e+04
2026 09 27  0500   61310   18000    1        0.6      452.9     7.37e+04
2026 09 27  0600   61310   21600    0        0.6      454.2     5.46e+04
2026 09 27  0700   61310   25200    0        0.6      454.6     7.50e+04
2026 09 27  0800   61310   28800    9    -9999.9    -9999.9    -1.00e+05
2026 09 27  0900   61310   32400    0        0.7      449.5     6.00e+04
2026 09 27  1000   61310   36000    0        0.4      440.1     6.14e+04
2026 09 27  1100   61310   39600    0        0.1      423.3     8.74e+04
2026 09 27  1200   61310   43200    0        0.4      412.8     7.07e+04
2026 09 27  1300   61310   46800    0        0.5      410.0     2.89e+04
2026 09 27  1400   61310   50400    0        0.1      418.7     7.59e+04
2026 09 27  1500   61310   54000    9    -9999.9    -9999.9    -1.00e+05
2026 09 27  1600   61310   57600    0        0.2      409.7     8.49e+04
2026 09 27  1700   61310   61200    0        0.1      418.1     9.50e+04
2026 09 27  1800   61310   64800    0        0.3      403.2     8.67e+04
2026 09 27  1900   61310   68400    9    -9999.9    -9999.9    -1.00e+05
2026 09 27  2000   61310   72000    9    -9999.9    -9999.9    -1.00e+05
2026 09 27  2100   61310   75600    0        0.3      381.9     3.15e+04
2026 09 27  2200   61310   79200    0        0.2      382.2     5.19e+04
2026 09 27  2300   61310   82800    0        0.1      372.7     3.38e+04
2026 09 28  0000   61311       0    0        0.4      364.6     3.45e+04
2026 09 28  0100   61311    3600    0        0.6      360.4     4.33e+04
2026 09 28  0200   61311    7200    9    -9999.9    -9999.9    -1.00e+05
2026 09 28  0300   61311   10800    0        0.5      366.9     2.89e+04
2026 09 28  0400   61311   14400    0        0.6      364.9     4.12e+04
2026 09 28  0500   61311   18000    0        0.6      360.3     4.48e+04
2026 09 28  0600   61311   21600    0        1.0      359.7     3.50e+04
2026 09 28  0700   61311   25200    0        0.7      356.2     3.31e+04
2026 09 28  0800   61311   28800    1        0.5      357.4     4.45e+04
2026 09 28  0900   61311   32400    0        1.0      356.5     4.87e+04
2026 09 28  1000   61311   36000    0        0.8      346.2     4.69e+04
2026 09 28  1100   61311   39600    0        0.8      348.7     7.11e+04
2026 09 28  1200   61311   43200    0        0.7      340.3     4.08e+04
2026 09 28  1300   61311   46800    3    -9999.9    -9999.9    -1.00e+05
2026 09 28  1400   61311   50400    0        1.9      332.0     4.25e+04
2026 09 28  1500   61311   54000    9    -9999.9    -9999.9    -1.00e+05
2026 09 28  1600   61311   57600    0        1.2      341.9     5.07e+04
2026 09 28  1700   61311   61200    0        1.5      335.0     5.11e+04
2026 09 28  1800   61311   64800    0        0.9      346.4     5.59e+04
2026 09 28  1900   61311   68400    0        1.1      342.6     4.16e+04
2026 09 28  2000   61311   72000    0        0.9      334.0     3.12e+04
2026 09 28  2100   61311   75600    1        1.1      335.4     4.02e+04
2026 09 28  2200   61311   79200    0        1.6      337.9     4.51e+04
2026 09 28  2300   61311   82800    0        1.3      336.7     3.61e+04
2026 09 29  0000   61312       0    0        1.7      336.6     5.28e+04
2026 09 29  0100   61312    3600    0        1.9      333.6     4.97e+04
2026 09 29  0200   61312    7200    0        1.9      326.1     4.58e+04
2026 09 29  0300   61312   10800    0        2.1      319.6     4.25e+04
2026 09 29  0400   61312   14400    1        1.9      322.2     3.23e+04
2026 09 29  0500   61312   18000    0        1.9      319.0     3.43e+04
2026 09 29  0600   61312   21600    0        1.7      316.0     3.28e+04
2026 09 29  0700   61312   25200    0        2.1      312.2     2.65e+04
2026 09 29  0800   61312   28800    0        1.6      312.6     2.71e+04
2026 09 29  0900   61312   32400    0        1.8      312.9     2.57e+04
2026 09 29  1000   61312   36000    0        1.5      306.4     2.61e+04
2026 09 29  1100   61312   39600    0        1.9      305.9     3.48e+04
2026 09 29  1200   61312   43200    0        1.5      302.4     2.84e+04
2026 09 29  1300   61312   46800    9    -9999.9    -9999.9    -1.00e+05
2026 09 29  1400   61312   50400    9    -9999.9    -9999.9    -1.00e+05
2026 09 29  1500   61312   54000    9    -9999.9    -9999.9    -1.00e+05
2026 09 29  1600   61312   57600    0        2.0      294.2     2.03e+04
2026 09 29  1700   61312   61200    0        2.0      292.6     2.25e+04
2026 09 29  1800   61312   64800    0        2.3      289.9     1.98e+04
2026 09 29  1900   61312   68400    0        2.2      290.9     1.81e+04
2026 09 29  2000   61312   72000    0        1.9      290.7     1.87e+04
2026 09 29  2100   61312   75600    0        2.0      287.9     2.19e+04
2026 09 29  2200   61312   79200    0        2.1      288.2     2.14e+04
2026 09 29  2300   61312   82800    0        2.4      286.7     2.12e+04
2026 09 30  0000   61313       0    0        2.0      286.5     1.77e+04
2026 09 30  0100   61313    3600    0        2.2      287.6     2.10e+04
2026 09 30  0200   61313    7200    0        1.3      289.4     2.05e+04
2026 09 30  0300   61313   10800    0        2.7      295.7     2.63e+04
2026 09 30  0400   61313   14400    0        2.3      304.3     3.46e+04
2026 09 30  0500   61313   18000    0        1.9      305.9     2.69e+04
2026 09 30  0600   61313   21600    0        1.8      296.8     3.69e+04
2026 09 30  0700   61313   25200    0        2.8      297.8     1.69e+04
2026 09 30  0800   61313   28800    0        2.7      292.0     1.49e+04
